ID	GeneID	geneSymbol	chr	strand	exonStart_0base	exonEnd	upstreamES	upstreamEE	downstreamES	downstreamEE	ID	IJC_SAMPLE_1	SJC_SAMPLE_1	IJC_SAMPLE_2	SJC_SAMPLE_2	IncFormLen	SkipFormLen	PValue	FDR	IncLevel1	IncLevel2	IncLevelDifference
3	"ENSG00000160305"	"DIP2A"	chr21	+	46490599	46490719	46484756	46484828	46496987	46497107	3	14,8,14,19,7	0,0,0,0,0	1,12,8,8,3	0,1,0,0,0	198	99	1	1.0	1.0,1.0,1.0,1.0,1.0	1.0,0.857,1.0,1.0,1.0	0.029
4	"ENSG00000160305"	"DIP2A"	chr21	+	46504360	46504489	46498581	46498833	46509256	46509376	4	11,9,11,10,3	0,0,0,1,1	14,6,2,8,4	1,1,0,0,0	198	99	1	1.0	1.0,1.0,1.0,0.833,0.6	0.875,0.75,1.0,1.0,1.0	-0.038
5	"ENSG00000160305"	"DIP2A"	chr21	+	46529091	46529183	46511416	46511614	46532126	46532237	5	7,8,11,13,8	0,0,0,1,1	1,20,2,4,8	0,0,0,0,0	191	99	1	1.0	1.0,1.0,1.0,0.871,0.806	1.0,1.0,1.0,1.0,1.0	-0.065
6	"ENSG00000160305"	"DIP2A"	chr21	+	46534584	46534687	46534003	46534113	46537223	46537288	6	8,15,8,12,8	0,2,0,0,0	0,12,6,5,2	2,1,0,2,0	198	99	0.12690870972	1.0	1.0,0.789,1.0,1.0,1.0	0.0,0.857,1.0,0.556,1.0	0.275
7	"ENSG00000160305"	"DIP2A"	chr21	+	46541755	46541895	46538734	46539991	46545136	46545205	7	9,9,13,10,9	0,0,0,0,0	4,9,8,9,4	0,1,0,0,0	198	99	1	1.0	1.0,1.0,1.0,1.0,1.0	1.0,0.818,1.0,1.0,1.0	0.036
8	"ENSG00000160305"	"DIP2A"	chr21	+	46546914	46547042	46545880	46545961	46549770	46549885	8	7,6,6,10,7	0,0,0,0,0	8,5,5,1,5	1,0,0,0,0	198	99	1	1.0	1.0,1.0,1.0,1.0,1.0	0.8,1.0,1.0,1.0,1.0	0.04
9	"ENSG00000160305"	"DIP2A"	chr21	+	46556938	46557069	46555981	46556091	46557584	46557753	9	5,5,7,7,6	0,0,0,0,1	2,7,3,5,6	0,1,0,0,0	198	99	1	1.0	1.0,1.0,1.0,1.0,0.75	1.0,0.778,1.0,1.0,1.0	-0.006
11	"ENSG00000160305"	"DIP2A"	chr21	+	46561747	46561805	46560721	46560783	46563857	46563932	11	2,2,2,3,1	0,0,0,1,0	0,4,3,0,1	1,0,1,0,0	157	99	1	1.0	1.0,1.0,1.0,0.654,1.0	0.0,1.0,0.654,NA,1.0	0.267
12	"ENSG00000160305"	"DIP2A"	chr21	+	46565712	46565887	46563659	46563932	46567369	46569585	12	4,10,8,8,4	1,0,0,1,0	0,3,3,8,1	0,0,1,0,0	198	99	1	1.0	0.667,1.0,1.0,0.8,1.0	NA,1.0,0.6,1.0,1.0	-0.007
13	"ENSG00000160305"	"DIP2A"	chr21	+	46566559	46566683	46565712	46565887	46567369	46569585	13	12,10,19,9,8	0,0,0,0,0	6,9,8,9,3	0,0,0,1,0	198	99	1	1.0	1.0,1.0,1.0,1.0,1.0	1.0,1.0,1.0,0.818,1.0	0.036
14	"ENSG00000160294"	"MCM3AP"	chr21	-	46240810	46241017	46236828	46236979	46243464	46243722	14	41,49,25,35,29	1,1,0,0,0	19,19,24,18,26	1,0,0,0,0	198	99	1	1.0	0.953,0.961,1.0,1.0,1.0	0.905,1.0,1.0,1.0,1.0	0.002
15	"ENSG00000160294"	"MCM3AP"	chr21	-	46242801	46242931	46240810	46241017	46243464	46243722	15	72,92,66,41,59	1,1,0,0,0	36,42,40,30,37	0,2,1,3,2	198	99	0.0500775834979	0.5390288043409355	0.973,0.979,1.0,1.0,1.0	1.0,0.913,0.952,0.833,0.902	0.07
16	"ENSG00000160294"	"MCM3AP"	chr21	-	46243464	46243722	46242801	46242931	46244806	46245197	16	58,96,63,50,66	0,0,0,0,0	42,46,47,29,43	0,0,1,0,1	198	99	1	1.0	1.0,1.0,1.0,1.0,1.0	1.0,1.0,0.959,1.0,0.956	0.017
17	"ENSG00000160294"	"MCM3AP"	chr21	-	46246306	46246404	46244806	46245197	46251528	46251682	17	36,60,34,40,31	0,1,0,0,0	12,28,36,13,20	0,1,0,0,0	197	99	1	1.0	1.0,0.968,1.0,1.0,1.0	1.0,0.934,1.0,1.0,1.0	0.007
18	"ENSG00000160294"	"MCM3AP"	chr21	-	46246306	46246886	46244806	46245197	46251528	46251682	18	59,79,42,55,42	0,1,0,0,0	19,35,54,25,27	0,1,0,0,0	198	99	1	1.0	1.0,0.975,1.0,1.0,1.0	1.0,0.946,1.0,1.0,1.0	0.006
19	"ENSG00000160294"	"MCM3AP"	chr21	-	46246627	46246886	46246306	46246404	46251528	46251682	19	45,25,11,21,20	4,4,1,0,0	13,21,27,15,15	1,3,2,0,2	198	99	0.739994682664	1.0	0.849,0.758,0.846,1.0,1.0	0.867,0.778,0.871,1.0,0.789	0.03
20	"ENSG00000160294"	"MCM3AP"	chr21	-	46251528	46251682	46246306	46246886	46254391	46254526	20	58,58,39,37,34	0,1,0,0,1	22,35,40,32,31	0,0,1,0,0	198	99	1	1.0	1.0,0.967,1.0,1.0,0.944	1.0,1.0,0.952,1.0,1.0	-0.008
21	"ENSG00000160294"	"MCM3AP"	chr21	-	46254391	46254526	46251514	46251682	46254775	46254844	21	45,59,42,37,43	0,1,0,1,0	22,39,34,30,34	1,0,0,1,0	198	99	1	1.0	1.0,0.967,1.0,0.949,1.0	0.917,1.0,1.0,0.938,1.0	0.012
22	"ENSG00000160294"	"MCM3AP"	chr21	-	46254775	46254844	46254391	46254526	46256788	46256986	22	32,38,26,36,28	0,0,1,0,0	18,24,24,20,19	0,1,0,0,1	168	99	1	1.0	1.0,1.0,0.939,1.0,1.0	1.0,0.934,1.0,1.0,0.918	0.017
23	"ENSG00000160294"	"MCM3AP"	chr21	-	46258938	46259091	46256788	46256986	46260792	46260906	23	54,76,63,48,41	0,1,0,0,0	25,56,31,31,29	0,0,0,0,0	198	99	1	1.0	1.0,0.974,1.0,1.0,1.0	1.0,1.0,1.0,1.0,1.0	-0.005
24	"ENSG00000160294"	"MCM3AP"	chr21	-	46264116	46264217	46261279	46261411	46265320	46265523	24	52,81,34,42,41	0,0,0,0,0	27,35,27,27,34	2,0,0,0,0	198	99	1	1.0	1.0,1.0,1.0,1.0,1.0	0.871,1.0,1.0,1.0,1.0	0.026
25	"ENSG00000160294"	"MCM3AP"	chr21	-	46265924	46266166	46265320	46265523	46266981	46267142	25	58,58,43,32,41	0,0,0,0,0	25,26,26,14,22	0,1,0,1,0	198	99	1	1.0	1.0,1.0,1.0,1.0,1.0	1.0,0.929,1.0,0.875,1.0	0.039
26	"ENSG00000160294"	"MCM3AP"	chr21	-	46270400	46270563	46266981	46267142	46272560	46272829	26	35,46,34,25,39	1,1,0,0,0	11,30,13,13,8	3,3,0,0,2	198	99	0.00892690077436	0.13907812795335428	0.946,0.958,1.0,1.0,1.0	0.647,0.833,1.0,1.0,0.667	0.151
27	"ENSG00000160294"	"MCM3AP"	chr21	-	46272560	46272829	46270400	46270563	46273387	46273585	27	38,51,30,28,46	2,2,0,1,0	13,31,11,19,9	0,0,0,0,0	198	99	0.784293829556	1.0	0.905,0.927,1.0,0.933,1.0	1.0,1.0,1.0,1.0,1.0	-0.047
28	"ENSG00000160294"	"MCM3AP"	chr21	-	46275185	46275325	46273387	46273585	46283614	46283838	28	30,41,22,23,21	0,0,1,0,0	9,11,16,10,12	0,0,0,0,0	198	99	1	1.0	1.0,1.0,0.917,1.0,1.0	1.0,1.0,1.0,1.0,1.0	-0.017
29	"ENSG00000160294"	"MCM3AP"	chr21	-	46277526	46277717	46275185	46275325	46279992	46280137	29	59,54,43,48,46	0,1,0,0,0	28,38,26,25,18	0,0,0,0,0	198	99	1	1.0	1.0,0.964,1.0,1.0,1.0	1.0,1.0,1.0,1.0,1.0	-0.007
30	"ENSG00000160294"	"MCM3AP"	chr21	-	46279992	46280137	46275185	46275325	46280496	46280575	30	27,23,33,24,29	0,0,0,0,0	11,17,10,13,10	1,0,0,0,0	198	99	1	1.0	1.0,1.0,1.0,1.0,1.0	0.846,1.0,1.0,1.0,1.0	0.031
31	"ENSG00000160294"	"MCM3AP"	chr21	-	46279992	46280137	46275185	46275325	46283614	46283838	31	3,2,1,2,0	2,0,0,0,0	3,3,0,1,0	0,0,0,0,0	198	99	1	1.0	0.429,1.0,1.0,1.0,NA	1.0,1.0,NA,1.0,NA	-0.143
32	"ENSG00000160294"	"MCM3AP"	chr21	-	46280496	46280575	46275185	46275325	46283614	46283838	32	41,26,23,16,21	2,0,0,0,0	11,19,11,10,14	0,0,0,0,0	178	99	1	1.0	0.919,1.0,1.0,1.0,1.0	1.0,1.0,1.0,1.0,1.0	-0.016
33	"ENSG00000160294"	"MCM3AP"	chr21	-	46280496	46280575	46279992	46280137	46283614	46283838	33	68,47,56,40,50	3,1,1,2,0	21,36,21,23,24	3,3,0,1,0	178	99	0.60788692172	1.0	0.927,0.963,0.969,0.918,1.0	0.796,0.87,1.0,0.927,1.0	0.037
34	"ENSG00000160294"	"MCM3AP"	chr21	-	46284067	46285394	46283614	46283838	46286150	46286297	34	36,41,25,22,24	0,0,1,0,1	11,16,12,9,9	0,0,0,1,0	198	99	1	1.0	1.0,1.0,0.926,1.0,0.923	1.0,1.0,1.0,0.818,1.0	0.006
37	"ENSG00000160285"	"LSS"	chr21	-	46194490	46194661	46191880	46191959	46195675	46195756	37	14,4,8,6,7	0,1,1,0,0	4,4,4,4,2	0,0,0,0,0	198	99	1	1.0	1.0,0.667,0.8,1.0,1.0	1.0,1.0,1.0,1.0,1.0	-0.107
38	"ENSG00000160285"	"LSS"	chr21	-	46195675	46195756	46191880	46191959	46205835	46205941	38	2,3,2,0,0	0,0,0,1,0	1,1,0,0,0	0,0,0,0,0	180	99	1	1.0	1.0,1.0,1.0,0.0,NA	1.0,1.0,NA,NA,NA	-0.25
39	"ENSG00000160285"	"LSS"	chr21	-	46196201	46196267	46195675	46195756	46205835	46205941	39	1,3,2,5,1	3,3,1,0,0	1,0,1,2,1	1,1,0,0,0	165	99	0.00761924369551	0.12261803550350873	0.167,0.375,0.545,1.0,1.0	0.375,0.0,1.0,1.0,1.0	-0.058
40	"ENSG00000160285"	"LSS"	chr21	-	46219475	46219572	46216388	46216524	46221853	46221975	40	6,4,5,11,5	0,0,0,0,0	2,1,4,1,2	0,0,0,0,1	196	99	1	1.0	1.0,1.0,1.0,1.0,1.0	1.0,1.0,1.0,1.0,0.503	0.099
41	"ENSG00000160285"	"LSS"	chr21	-	46222629	46222738	46221853	46221975	46227551	46227690	41	4,3,4,5,5	0,0,0,0,0	3,3,0,0,0	0,0,0,1,1	198	99	1	1.0	1.0,1.0,1.0,1.0,1.0	1.0,1.0,NA,0.0,0.0	0.5
42	"ENSG00000160285"	"LSS"	chr21	-	46222662	46222738	46221853	46221975	46227551	46227690	42	0,0,0,2,3	0,0,0,0,0	1,1,0,0,0	0,0,0,1,1	175	99	1	1.0	NA,NA,NA,1.0,1.0	1.0,1.0,NA,0.0,0.0	0.5
43	"ENSG00000142173"	"COL6A2"	chr21	+	46125265	46125311	46124884	46124920	46125464	46125617	43	0,0,0,1,0	0,0,0,0,0	0,0,0,0,0	0,0,1,0,0	145	99	1	1.0	NA,NA,NA,1.0,NA	NA,NA,0.0,NA,NA	1.0
46	"ENSG00000183570"	"PCBP3"	chr21	+	45896207	45896362	45849960	45850095	45899598	45899622	46	0,0,0,0,0	0,0,1,0,0	1,0,0,0,0	0,0,0,0,0	198	99	1	1.0	NA,NA,0.0,NA,NA	1.0,NA,NA,NA,NA	-1.0
47	"ENSG00000183570"	"PCBP3"	chr21	+	45913950	45914025	45910901	45911030	45917587	45917629	47	0,0,0,0,1	0,0,0,0,0	2,0,0,0,0	0,1,0,0,0	174	99	1	1.0	NA,NA,NA,NA,1.0	1.0,0.0,NA,NA,NA	0.5
52	"ENSG00000182871"	"COL18A1"	chr21	+	45480069	45480156	45479901	45479964	45480466	45480520	52	4,3,0,3,0	1,0,0,0,0	0,3,5,1,1	0,0,0,0,0	186	99	1	1.0	0.68,1.0,NA,1.0,NA	NA,1.0,1.0,1.0,1.0	-0.107
53	"ENSG00000182871"	"COL18A1"	chr21	+	45480466	45480520	45479901	45479964	45480699	45480858	53	3,3,2,0,0	0,0,0,0,0	0,2,1,1,0	0,0,1,0,0	153	99	1	1.0	1.0,1.0,1.0,NA,NA	NA,1.0,0.393,1.0,NA	0.202
54	"ENSG00000182871"	"COL18A1"	chr21	+	45487446	45487509	45486860	45486992	45488417	45488444	54	0,0,3,1,0	0,0,1,0,0	0,7,4,1,2	0,0,0,0,0	162	99	1	1.0	NA,NA,0.647,1.0,NA	NA,1.0,1.0,1.0,1.0	-0.176
55	"ENSG00000182871"	"COL18A1"	chr21	+	45496499	45496568	45495357	45495432	45497049	45497092	55	2,1,6,0,1	0,0,0,0,0	2,7,7,4,0	0,0,0,0,1	168	99	1	1.0	1.0,1.0,1.0,NA,1.0	1.0,1.0,1.0,1.0,0.0	0.2
56	"ENSG00000182871"	"COL18A1"	chr21	+	45505133	45505278	45504415	45504556	45505357	45505431	56	1,2,4,1,1	0,0,0,0,0	0,4,5,1,1	1,0,0,0,0	198	99	1	1.0	1.0,1.0,1.0,1.0,1.0	0.0,1.0,1.0,1.0,1.0	0.2
58	"ENSG00000186866"	"POFUT2"	chr21	-	45266021	45266227	45263927	45265635	45267589	45267713	58	4,3,3,5,2	5,4,9,13,3	3,2,3,0,0	24,12,13,6,6	198	99	0.00123590071627	0.028781037930137626	0.286,0.273,0.143,0.161,0.25	0.059,0.077,0.103,0.0,0.0	0.175
59	"ENSG00000186866"	"POFUT2"	chr21	-	45267589	45267713	45263927	45265635	45269838	45270019	59	8,12,19,23,15	1,0,1,0,0	39,23,24,10,14	0,1,2,0,0	198	99	1	1.0	0.8,1.0,0.905,1.0,1.0	1.0,0.92,0.857,1.0,1.0	-0.014
60	"ENSG00000186866"	"POFUT2"	chr21	-	45269838	45270019	45263927	45265635	45278102	45278169	60	2,0,1,0,0	0,0,0,0,0	0,1,2,0,0	1,0,0,0,0	198	99	1	1.0	1.0,NA,1.0,NA,NA	0.0,1.0,1.0,NA,NA	0.333
61	"ENSG00000186866"	"POFUT2"	chr21	-	45269838	45270019	45263927	45265635	45285677	45285691	61	1,0,1,0,0	0,2,2,0,0	0,1,2,1,0	0,0,0,0,1	198	99	1	1.0	1.0,0.0,0.2,NA,NA	NA,1.0,1.0,1.0,0.0	-0.35
62	"ENSG00000186866"	"POFUT2"	chr21	-	45277016	45277142	45269838	45270019	45278102	45278169	62	15,12,13,15,18	1,0,0,0,0	29,19,13,14,19	0,0,0,0,0	198	99	1	1.0	0.882,1.0,1.0,1.0,1.0	1.0,1.0,1.0,1.0,1.0	-0.024
63	"ENSG00000186866"	"POFUT2"	chr21	-	45277232	45277773	45277016	45277142	45278102	45278169	63	1,3,1,4,2	9,6,8,9,10	0,2,0,0,0	23,13,4,9,12	198	99	0.000462799369199	0.012848399428656471	0.053,0.2,0.059,0.182,0.091	0.0,0.071,0.0,0.0,0.0	0.103
64	"ENSG00000186866"	"POFUT2"	chr21	-	45278102	45278169	45263927	45265635	45285677	45285928	64	1,0,0,2,1	0,2,2,0,0	4,2,2,0,3	0,0,0,0,1	166	99	1	1.0	1.0,0.0,0.0,1.0,1.0	1.0,1.0,1.0,NA,0.641	-0.31
65	"ENSG00000186866"	"POFUT2"	chr21	-	45278102	45278169	45269838	45270019	45285677	45285928	65	2,0,0,2,1	0,0,0,0,0	3,2,2,0,3	0,0,0,1,0	166	99	1	1.0	1.0,NA,NA,1.0,1.0	1.0,1.0,1.0,0.0,1.0	0.2
66	"ENSG00000186866"	"POFUT2"	chr21	-	45282348	45282459	45278102	45278169	45285677	45285928	66	10,18,8,11,9	2,1,0,2,1	14,13,19,8,6	5,2,2,0,3	198	99	0.0391526404749	0.443341655435072	0.714,0.9,1.0,0.733,0.818	0.583,0.765,0.826,1.0,0.5	0.098
67	"ENSG00000186866"	"POFUT2"	chr21	-	45282803	45282938	45282348	45282459	45283382	45283527	67	0,1,0,1,0	5,3,3,4,2	0,0,0,0,0	5,5,4,4,1	198	99	1	1.0	0.0,0.143,0.0,0.111,0.0	0.0,0.0,0.0,0.0,0.0	0.051
68	"ENSG00000186866"	"POFUT2"	chr21	-	45282803	45282938	45282368	45282398	45283382	45283527	68	1,0,0,1,2	2,4,0,1,1	0,0,0,0,0	0,0,1,0,0	198	99	1	1.0	0.2,0.0,NA,0.333,0.5	NA,NA,0.0,NA,NA	0.258
69	"ENSG00000186866"	"POFUT2"	chr21	-	45283382	45283527	45282348	45282459	45285677	45285691	69	7,10,11,11,9	3,4,1,2,2	12,9,11,14,8	7,3,7,0,0	198	99	0.980619445786	1.0	0.538,0.556,0.846,0.733,0.692	0.462,0.6,0.44,1.0,1.0	-0.027
70	"ENSG00000186866"	"POFUT2"	chr21	-	45283382	45283527	45282368	45282398	45285677	45285691	70	4,11,8,8,8	0,0,0,0,0	7,4,8,10,7	0,0,1,0,0	198	99	1	1.0	1.0,1.0,1.0,1.0,1.0	1.0,1.0,0.8,1.0,1.0	0.04
71	"ENSG00000186866"	"POFUT2"	chr21	-	45285268	45285328	45283351	45283527	45285677	45285928	71	0,0,0,0,0	2,7,8,7,7	0,0,1,0,1	7,4,7,10,7	159	99	1	1.0	0.0,0.0,0.0,0.0,0.0	0.0,0.0,0.082,0.0,0.082	-0.033
72	"ENSG00000186866"	"POFUT2"	chr21	-	45285677	45285928	45278102	45278169	45287740	45287884	72	8,10,7,8,11	0,0,0,0,0	29,18,17,20,14	0,0,0,2,1	198	99	1	1.0	1.0,1.0,1.0,1.0,1.0	1.0,1.0,1.0,0.833,0.875	0.058
74	"ENSG00000160255"	"ITGB2"	chr21	-	44888692	44888895	44886735	44886902	44893403	44893544	74	16,18,17,30,18	0,0,0,0,0	755,668,932,565,638	2,0,0,0,0	198	99	1	1.0	1.0,1.0,1.0,1.0,1.0	0.995,1.0,1.0,1.0,1.0	0.001
75	"ENSG00000160255"	"ITGB2"	chr21	-	44889275	44889495	44888692	44888895	44889977	44890222	75	40,29,34,54,39	1,0,0,2,0	1519,1369,1856,1121,1324	11,19,8,7,7	198	99	1	1.0	0.952,1.0,1.0,0.931,1.0	0.986,0.973,0.991,0.988,0.99	-0.009
76	"ENSG00000160255"	"ITGB2"	chr21	-	44889977	44890222	44888692	44888895	44893403	44893544	76	2,1,0,2,0	0,0,0,0,0	26,35,17,15,15	2,1,1,1,0	198	99	1	1.0	1.0,1.0,NA,1.0,NA	0.867,0.946,0.895,0.882,1.0	0.082
77	"ENSG00000160255"	"ITGB2"	chr21	-	44891808	44891996	44889977	44890222	44893403	44893544	77	32,26,29,53,31	1,1,0,0,0	1595,1342,1955,1172,1258	15,16,9,8,8	198	99	0.146943966643	1.0	0.941,0.929,1.0,1.0,1.0	0.982,0.977,0.991,0.987,0.987	-0.011
78	"ENSG00000160255"	"ITGB2"	chr21	-	44898541	44898613	44894970	44895060	44899066	44899162	78	0,0,0,0,0	20,16,9,24,16	2,5,7,4,1	749,664,836,583,637	171	99	1	1.0	0.0,0.0,0.0,0.0,0.0	0.002,0.004,0.005,0.004,0.001	-0.003
80	"ENSG00000160255"	"ITGB2"	chr21	-	44906914	44907095	44903364	44903535	44920820	44920855	80	23,18,24,31,18	0,0,0,0,0	852,722,950,596,698	7,1,1,0,0	198	99	1	1.0	1.0,1.0,1.0,1.0,1.0	0.984,0.997,0.998,1.0,1.0	0.004
81	"ENSG00000160255"	"ITGB2"	chr21	-	44908073	44908182	44906914	44907095	44910283	44910372	81	0,1,3,9,6	28,17,24,34,19	0,58,87,61,161	755,677,860,619,668	198	99	0.59911152213	1.0	0.0,0.029,0.059,0.117,0.136	0.0,0.041,0.048,0.047,0.108	0.019
82	"ENSG00000160255"	"ITGB2"	chr21	-	44910283	44910372	44906914	44907095	44910724	44910785	82	52,40,50,59,38	0,0,0,0,1	1476,1485,1804,1374,1544	0,0,0,0,1	188	99	1	1.0	1.0,1.0,1.0,1.0,0.952	1.0,1.0,1.0,1.0,0.999	-0.009
83	"ENSG00000160255"	"ITGB2"	chr21	-	44910283	44910372	44906914	44907095	44920820	44920855	83	27,17,23,33,20	0,0,0,0,0	713,645,815,585,628	2,0,0,2,1	188	99	1	1.0	1.0,1.0,1.0,1.0,1.0	0.995,1.0,1.0,0.994,0.997	0.003
84	"ENSG00000160255"	"ITGB2"	chr21	-	44910283	44910415	44906914	44907095	44910724	44910785	84	27,17,23,33,19	0,0,0,0,1	714,647,822,591,652	0,0,0,0,1	198	99	1	1.0	1.0,1.0,1.0,1.0,0.905	1.0,1.0,1.0,1.0,0.997	-0.018
85	"ENSG00000160255"	"ITGB2"	chr21	-	44910599	44910785	44910283	44910372	44920820	44920899	85	13,12,12,17,12	0,0,0,1,1	355,342,488,343,403	2,1,0,0,0	198	99	1	1.0	1.0,1.0,1.0,0.895,0.857	0.989,0.994,1.0,1.0,1.0	-0.046
86	"ENSG00000160255"	"ITGB2"	chr21	-	44910724	44910785	44906914	44907095	44920820	44920855	86	12,11,12,16,13	0,0,0,0,0	352,337,482,341,401	2,0,0,2,1	160	99	1	1.0	1.0,1.0,1.0,1.0,1.0	0.991,1.0,1.0,0.991,0.996	0.004
87	"ENSG00000160255"	"ITGB2"	chr21	-	44910724	44910785	44910283	44910372	44920820	44920855	87	37,34,39,43,31	0,0,0,1,1	1117,1178,1473,1133,1325	2,1,0,0,0	160	99	1	1.0	1.0,1.0,1.0,0.964,0.95	0.997,0.999,1.0,1.0,1.0	-0.016
90	"ENSG00000160255"	"ITGB2"	chr21	-	44920820	44921050	44910724	44910785	44931813	44931989	90	25,20,22,25,23	0,0,0,0,0	706,733,961,703,843	0,1,1,0,1	198	99	1	1.0	1.0,1.0,1.0,1.0,1.0	1.0,0.997,0.998,1.0,0.998	0.001
91	"ENSG00000184900"	"SUMO3"	chr21	-	44808996	44809118	44805616	44807040	44813975	44814104	91	51,58,49,52,49	0,0,0,0,0	76,80,106,89,89	2,0,1,0,1	198	99	1	1.0	1.0,1.0,1.0,1.0,1.0	0.95,1.0,0.981,1.0,0.978	0.018
92	"ENSG00000184900"	"SUMO3"	chr21	-	44809046	44809118	44805616	44807040	44813975	44814104	92	149,133,155,137,141	0,0,0,0,0	196,212,288,240,211	2,0,1,0,1	171	99	1	1.0	1.0,1.0,1.0,1.0,1.0	0.983,1.0,0.994,1.0,0.992	0.006
93	"ENSG00000184900"	"SUMO3"	chr21	-	44813861	44814104	44809046	44809118	44817947	44818129	93	33,40,18,31,42	12,5,10,8,6	49,64,55,57,43	4,1,8,3,2	198	99	3.6364211956e-05	0.0016262590152956815	0.579,0.8,0.474,0.66,0.778	0.86,0.97,0.775,0.905,0.915	-0.227
94	"ENSG00000184900"	"SUMO3"	chr21	-	44813975	44814104	44808996	44809118	44817947	44817968	94	96,113,95,101,104	12,5,10,8,6	151,169,201,177,156	4,1,8,3,2	198	99	8.20920767475e-07	7.728226703806536e-05	0.8,0.919,0.826,0.863,0.897	0.95,0.988,0.926,0.967,0.975	-0.1
97	"ENSG00000160223"	"ICOSLG"	chr21	-	44230053	44230089	44217013	44218244	44231279	44231444	97	0,0,0,1,0	0,0,0,0,0	0,1,0,0,0	0,0,0,1,0	135	99	1	1.0	NA,NA,NA,1.0,NA	NA,1.0,NA,0.0,NA	0.5
98	"ENSG00000160223"	"ICOSLG"	chr21	-	44230053	44230089	44222990	44229044	44231279	44231444	98	1,1,1,1,0	0,0,0,0,0	0,0,0,0,1	0,0,0,1,0	135	99	1	1.0	1.0,1.0,1.0,1.0,NA	NA,NA,NA,0.0,1.0	0.5
99	"ENSG00000160223"	"ICOSLG"	chr21	-	44236866	44237217	44235271	44235562	44238447	44238488	99	0,0,1,1,0	2,0,0,1,1	0,0,0,0,0	0,0,0,2,1	198	99	1	1.0	0.0,NA,1.0,0.333,0.0	NA,NA,NA,0.0,0.0	0.333
100	"ENSG00000160223"	"ICOSLG"	chr21	-	44236866	44237217	44235271	44235562	44240803	44240840	100	0,0,1,2,14	0,0,0,0,0	0,0,0,0,0	0,0,0,1,0	198	99	1	1.0	NA,NA,1.0,1.0,1.0	NA,NA,NA,0.0,NA	1.0
101	"ENSG00000160223"	"ICOSLG"	chr21	-	44238447	44238488	44235271	44235562	44240803	44240840	101	1,0,0,1,1	0,0,0,0,0	0,0,0,2,1	0,0,0,1,0	140	99	1	1.0	1.0,NA,NA,1.0,1.0	NA,NA,NA,0.586,1.0	0.207
103	"ENSG00000241945"	"PWP2"	chr21	+	44108983	44109096	44107372	44107434	44113752	44113847	103	5,11,4,2,0	0,0,2,1,0	2,2,1,0,0	0,0,0,0,0	198	99	1	1.0	1.0,1.0,0.5,0.5,NA	1.0,1.0,1.0,NA,NA	-0.25
105	"ENSG00000241945"	"PWP2"	chr21	+	44118762	44118833	44117819	44117963	44119386	44119523	105	0,9,0,0,0	0,0,0,0,4	0,3,0,0,0	0,0,0,0,0	170	99	1	1.0	NA,1.0,NA,NA,0.0	NA,1.0,NA,NA,NA	-0.5
107	"ENSG00000160216"	"AGPAT3"	chr21	+	43903956	43904019	43865222	43865345	43959633	43959859	107	1,1,1,2,1	0,0,0,0,0	4,6,2,7,8	0,6,0,0,0	162	99	0.113167102622	0.9939890648910505	1.0,1.0,1.0,1.0,1.0	1.0,0.379,1.0,1.0,1.0	0.124
108	"ENSG00000160216"	"AGPAT3"	chr21	+	43903956	43904019	43867241	43867346	43959633	43959859	108	0,1,1,3,1	0,0,0,0,0	4,5,1,6,6	0,0,1,0,0	162	99	1	1.0	NA,1.0,1.0,1.0,1.0	1.0,1.0,0.379,1.0,1.0	0.124
109	"ENSG00000160216"	"AGPAT3"	chr21	+	43903956	43904019	43882543	43882615	43959633	43959859	109	0,1,1,2,1	0,0,0,0,1	4,5,1,6,6	0,0,0,0,0	162	99	1	1.0	NA,1.0,1.0,1.0,0.379	1.0,1.0,1.0,1.0,1.0	-0.155
112	"ENSG00000160216"	"AGPAT3"	chr21	+	43959633	43959859	43865222	43865345	43967945	43968005	112	1,4,2,8,4	0,0,0,0,0	15,32,18,15,28	0,0,2,0,1	198	99	1	1.0	1.0,1.0,1.0,1.0,1.0	1.0,1.0,0.818,1.0,0.933	0.05
113	"ENSG00000160216"	"AGPAT3"	chr21	+	43959633	43959859	43882543	43882615	43967945	43968005	113	1,4,2,8,5	0,0,0,0,0	15,26,18,15,28	0,0,1,0,0	198	99	1	1.0	1.0,1.0,1.0,1.0,1.0	1.0,1.0,0.9,1.0,1.0	0.02
114	"ENSG00000160216"	"AGPAT3"	chr21	+	43960631	43960779	43959782	43959859	43967945	43968115	114	3,3,2,1,0	1,4,2,8,4	2,4,2,2,1	15,26,18,15,28	198	99	0.153025540829	1.0	0.6,0.273,0.333,0.059,0.0	0.062,0.071,0.053,0.062,0.018	0.2
115	"ENSG00000160216"	"AGPAT3"	chr21	+	43970652	43970806	43969117	43969279	43971387	43971490	115	8,16,9,9,7	0,0,0,0,0	33,37,54,45,45	0,0,1,0,0	198	99	1	1.0	1.0,1.0,1.0,1.0,1.0	1.0,1.0,0.964,1.0,1.0	0.007
116	"ENSG00000160216"	"AGPAT3"	chr21	+	43978045	43978121	43971387	43971490	43980988	43981187	116	8,9,7,2,6	1,2,0,0,0	24,29,38,20,31	4,3,3,4,4	175	99	0.000296581461784	0.008942158435066652	0.819,0.718,1.0,1.0,1.0	0.772,0.845,0.878,0.739,0.814	0.098
119	"ENSG00000160214"	"RRP1"	chr21	+	43795188	43795250	43792930	43793404	43797421	43797537	119	6,5,1,4,1	0,0,0,1,0	1,3,2,1,0	0,0,0,0,0	161	99	1	1.0	1.0,1.0,1.0,0.711,1.0	1.0,1.0,1.0,1.0,NA	-0.058
120	"ENSG00000160213"	"CSTB"	chr21	-	43774657	43774759	43772510	43774330	43776203	43776445	120	4,22,16,6,11	0,0,0,0,0	99,129,229,193,126	0,1,0,0,0	198	99	1	1.0	1.0,1.0,1.0,1.0,1.0	1.0,0.985,1.0,1.0,1.0	0.003
122	"ENSG00000160209"	"PDXK"	chr21	+	43732138	43732647	43719222	43719381	43734068	43734123	122	0,0,0,0,0	7,7,4,10,7	2,0,0,1,0	23,12,33,21,23	198	99	1	1.0	0.0,0.0,0.0,0.0,0.0	0.042,0.0,0.0,0.023,0.0	-0.013
124	"ENSG00000160209"	"PDXK"	chr21	+	43734068	43734123	43719093	43719381	43741666	43741771	124	12,10,10,13,11	0,0,0,0,0	38,32,52,35,37	0,1,1,1,0	154	99	1	1.0	1.0,1.0,1.0,1.0,1.0	1.0,0.954,0.971,0.957,1.0	0.024
125	"ENSG00000160209"	"PDXK"	chr21	+	43741666	43741771	43734068	43734123	43746078	43746125	125	9,6,9,7,7	0,0,0,0,0	32,26,39,28,28	0,0,1,0,0	198	99	1	1.0	1.0,1.0,1.0,1.0,1.0	1.0,1.0,0.951,1.0,1.0	0.01
126	"ENSG00000160209"	"PDXK"	chr21	+	43743668	43743807	43741666	43741771	43746078	43746125	126	7,7,4,4,4	0,0,1,0,0	26,31,47,27,42	0,0,0,2,0	198	99	1	1.0	1.0,1.0,0.667,1.0,1.0	1.0,1.0,1.0,0.871,1.0	-0.041
127	"ENSG00000160209"	"PDXK"	chr21	+	43743723	43743807	43741475	43741771	43746078	43746125	127	13,9,10,11,18	0,0,1,0,0	60,61,95,54,68	0,0,0,2,0	183	99	1	1.0	1.0,1.0,0.844,1.0,1.0	1.0,1.0,1.0,0.936,1.0	-0.018
128	"ENSG00000160209"	"PDXK"	chr21	+	43752517	43752629	43750499	43750545	43753582	43753594	128	12,21,14,19,18	4,0,2,1,0	62,70,90,54,79	2,1,3,1,0	198	99	0.34609185041	1.0	0.6,1.0,0.778,0.905,1.0	0.939,0.972,0.937,0.964,1.0	-0.106
129	"ENSG00000160208"	"RRP1B"	chr21	+	43675033	43675163	43674635	43674697	43676271	43676336	129	18,18,11,13,16	0,0,0,1,0	7,12,2,2,4	0,0,0,0,0	198	99	1	1.0	1.0,1.0,1.0,0.867,1.0	1.0,1.0,1.0,1.0,1.0	-0.027
130	"ENSG00000160208"	"RRP1B"	chr21	+	43686803	43686935	43685769	43685789	43690287	43690440	130	10,12,8,6,9	0,0,0,3,1	0,3,3,5,3	0,0,0,0,3	198	99	1	1.0	1.0,1.0,1.0,0.5,0.818	NA,1.0,1.0,1.0,0.333	0.03
131	"ENSG00000160208"	"RRP1B"	chr21	+	43687515	43688240	43686131	43686935	43690287	43690440	131	14,13,12,22,15	0,0,0,0,0	3,2,7,1,9	0,1,0,1,1	198	99	1	1.0	1.0,1.0,1.0,1.0,1.0	1.0,0.5,1.0,0.333,0.818	0.27
132	"ENSG00000160208"	"RRP1B"	chr21	+	43691438	43691502	43690287	43690440	43693189	43696077	132	19,23,31,19,33	0,0,0,0,0	5,9,11,3,6	0,0,0,1,0	163	99	1	1.0	1.0,1.0,1.0,1.0,1.0	1.0,1.0,1.0,0.646,1.0	0.071
135	"ENSG00000160199"	"PKNOX1"	chr21	+	43010052	43010224	43007490	43007618	43013067	43013238	135	8,7,4,6,2	0,0,0,1,0	7,8,8,13,4	1,0,0,0,0	198	99	1	1.0	1.0,1.0,1.0,0.75,1.0	0.778,1.0,1.0,1.0,1.0	-0.006
136	"ENSG00000160194"	"NDUFV3"	chr21	+	42896926	42897047	42893267	42893381	42903181	42904276	136	11,7,6,13,6	1,0,0,0,0	24,33,15,25,25	0,0,0,0,0	198	99	1	1.0	0.846,1.0,1.0,1.0,1.0	1.0,1.0,1.0,1.0,1.0	-0.031
137	"ENSG00000160194"	"NDUFV3"	chr21	+	42896926	42897047	42893267	42893381	42908863	42913304	137	13,14,8,21,17	0,0,0,0,1	42,39,44,37,40	3,0,2,0,0	198	99	0.829472670859	1.0	1.0,1.0,1.0,1.0,0.895	0.875,1.0,0.917,1.0,1.0	0.021
138	"ENSG00000160194"	"NDUFV3"	chr21	+	42903181	42904276	42896926	42897047	42908863	42909105	138	0,5,0,4,2	2,7,2,10,11	5,16,6,12,9	19,14,32,20,21	198	99	0.134714009282	1.0	0.0,0.263,0.0,0.167,0.083	0.116,0.364,0.086,0.231,0.176	-0.092
160	"ENSG00000157617"	"C2CD2"	chr21	-	41906991	41907166	41905723	41905837	41907659	41907784	160	0,1,0,2,0	0,0,0,0,0	0,1,4,1,1	0,0,1,0,0	198	99	1	1.0	NA,1.0,NA,1.0,NA	NA,1.0,0.667,1.0,1.0	0.083
161	"ENSG00000157617"	"C2CD2"	chr21	-	41907659	41907784	41905723	41905837	41912331	41912440	161	0,0,0,0,0	1,0,0,0,0	0,0,1,1,0	1,0,0,1,0	198	99	1	1.0	0.0,NA,NA,NA,NA	0.0,NA,1.0,0.333,NA	-0.444
162	"ENSG00000157617"	"C2CD2"	chr21	-	41909458	41909523	41907659	41907784	41912331	41912440	162	0,2,1,0,0	0,0,0,0,0	0,1,0,0,0	0,0,0,1,0	164	99	1	1.0	NA,1.0,1.0,NA,NA	NA,1.0,NA,0.0,NA	0.5
163	"ENSG00000157617"	"C2CD2"	chr21	-	41921971	41922085	41918855	41918960	41926571	41926672	163	2,1,4,3,3	1,0,0,0,1	0,2,1,3,0	0,0,0,0,0	198	99	1	1.0	0.5,1.0,1.0,1.0,0.6	NA,1.0,1.0,1.0,NA	-0.18
164	"ENSG00000157617"	"C2CD2"	chr21	-	41921971	41922085	41918855	41918960	41942146	41942160	164	0,1,4,2,0	0,0,0,0,0	0,6,1,3,0	1,0,0,0,0	198	99	1	1.0	NA,1.0,1.0,1.0,NA	0.0,1.0,1.0,1.0,NA	0.25
171	"ENSG00000183844"	"FAM3B"	chr21	+	41347012	41347100	41345685	41345736	41348591	41348724	171	0,0,1,0,0	0,0,0,0,0	0,3,1,1,5	0,1,0,0,0	187	99	1	1.0	NA,NA,1.0,NA,NA	NA,0.614,1.0,1.0,1.0	0.097
181	"ENSG00000183527"	"PSMG1"	chr21	-	39178448	39178647	39177434	39177571	39180284	39180436	181	4,7,10,3,4	0,2,0,0,0	10,13,18,10,8	1,7,2,0,4	198	99	5.10554254929e-06	0.0003256232245355282	1.0,0.636,1.0,1.0,1.0	0.833,0.481,0.818,1.0,0.5	0.201
182	"ENSG00000183527"	"PSMG1"	chr21	-	39178448	39178647	39177434	39177571	39183251	39183385	182	4,7,10,2,4	0,2,0,1,1	10,12,16,11,8	1,0,0,4,0	198	99	0.51362992485	1.0	1.0,0.636,1.0,0.5,0.667	0.833,1.0,1.0,0.579,1.0	-0.122
183	"ENSG00000183527"	"PSMG1"	chr21	-	39179923	39179986	39178448	39178647	39180284	39180436	183	2,2,3,1,2	0,0,0,1,0	4,1,7,5,2	0,1,2,0,0	162	99	1	1.0	1.0,1.0,1.0,0.379,1.0	1.0,0.379,0.681,1.0,1.0	0.064
184	"ENSG00000183527"	"PSMG1"	chr21	-	39179923	39179986	39178448	39178647	39181771	39181878	184	1,1,3,1,1	0,0,0,0,0	2,0,6,4,1	0,0,0,1,0	162	99	1	1.0	1.0,1.0,1.0,1.0,1.0	1.0,NA,1.0,0.71,1.0	0.073
185	"ENSG00000183527"	"PSMG1"	chr21	-	39179923	39179986	39178448	39178647	39183251	39183385	185	1,1,3,1,1	0,0,0,0,0	2,0,6,5,3	0,0,0,1,0	162	99	1	1.0	1.0,1.0,1.0,1.0,1.0	1.0,NA,1.0,0.753,1.0	0.062
186	"ENSG00000183527"	"PSMG1"	chr21	-	39180284	39180436	39177434	39177571	39183251	39183385	186	1,2,0,0,2	0,2,0,1,1	6,13,2,1,5	1,0,0,4,0	198	99	1	1.0	1.0,0.333,NA,0.0,0.5	0.75,1.0,1.0,0.111,1.0	-0.314
187	"ENSG00000183527"	"PSMG1"	chr21	-	39180284	39180436	39178448	39178647	39181771	39181878	187	1,0,0,1,0	0,0,0,0,0	4,4,7,6,3	0,0,0,1,0	198	99	1	1.0	1.0,NA,NA,1.0,NA	1.0,1.0,1.0,0.75,1.0	0.05
188	"ENSG00000183527"	"PSMG1"	chr21	-	39180284	39180436	39178448	39178647	39183251	39183385	188	1,0,0,1,2	0,0,0,0,0	5,7,2,1,1	0,0,0,1,0	198	99	1	1.0	1.0,NA,NA,1.0,1.0	1.0,1.0,1.0,0.333,1.0	0.133
189	"ENSG00000183527"	"PSMG1"	chr21	-	39180284	39180436	39179923	39179986	39181771	39181878	189	2,1,0,0,1	0,0,0,0,0	6,4,6,7,4	0,0,1,0,0	198	99	1	1.0	1.0,1.0,NA,NA,1.0	1.0,1.0,0.75,1.0,1.0	0.05
190	"ENSG00000183527"	"PSMG1"	chr21	-	39180284	39180436	39179923	39179986	39183251	39183385	190	2,1,0,0,3	0,0,0,0,0	7,7,1,2,2	0,0,0,1,2	198	99	1	1.0	1.0,1.0,NA,NA,1.0	1.0,1.0,1.0,0.5,0.333	0.233
193	"ENSG00000183527"	"PSMG1"	chr21	-	39181771	39181878	39180284	39180436	39183251	39183451	193	1,0,0,0,0	1,0,0,0,2	6,6,10,8,4	5,6,0,1,1	198	99	1	1.0	0.333,NA,NA,NA,0.0	0.375,0.333,1.0,0.8,0.667	-0.469
202	"ENSG00000157557"	"ETS2"	chr21	+	38806450	38806808	38805950	38806120	38810034	38810106	202	0,0,0,1,0	0,0,0,0,1	10,8,12,7,5	23,35,35,35,18	198	99	1	1.0	NA,NA,NA,1.0,0.0	0.179,0.103,0.146,0.091,0.122	0.372
203	"ENSG00000157557"	"ETS2"	chr21	+	38806690	38806808	38805982	38806120	38810034	38810106	203	0,0,0,1,0	0,0,0,0,1	10,8,11,7,5	23,35,35,35,18	198	99	1	1.0	NA,NA,NA,1.0,0.0	0.179,0.103,0.136,0.091,0.122	0.374
204	"ENSG00000157557"	"ETS2"	chr21	+	38813002	38813114	38810034	38810106	38814272	38814392	204	2,4,0,2,1	0,0,0,0,0	207,233,302,196,193	3,2,3,2,1	198	99	1	1.0	1.0,1.0,NA,1.0,1.0	0.972,0.983,0.981,0.98,0.99	0.019
205	"ENSG00000157557"	"ETS2"	chr21	+	38817007	38817091	38814780	38814981	38818424	38818646	205	2,2,1,0,1	0,0,0,0,0	256,256,387,187,228	0,0,0,1,0	183	99	1	1.0	1.0,1.0,1.0,NA,1.0	1.0,1.0,1.0,0.99,1.0	0.002
206	"ENSG00000157557"	"ETS2"	chr21	+	38818424	38818646	38817007	38817091	38819502	38819766	206	1,4,1,0,2	0,0,0,0,0	276,274,435,204,252	3,2,3,4,2	198	99	1	1.0	1.0,1.0,1.0,NA,1.0	0.979,0.986,0.986,0.962,0.984	0.021
207	"ENSG00000157557"	"ETS2"	chr21	+	38819502	38819766	38818424	38818646	38821585	38821704	207	1,4,0,1,2	0,0,0,0,0	266,259,393,222,240	1,2,2,0,0	198	99	1	1.0	1.0,1.0,NA,1.0,1.0	0.993,0.985,0.99,1.0,1.0	0.006
208	"ENSG00000157557"	"ETS2"	chr21	+	38819502	38819871	38818424	38818646	38821585	38821704	208	0,2,0,0,2	0,0,0,0,0	147,141,231,119,134	1,2,2,0,0	198	99	1	1.0	NA,1.0,NA,NA,1.0	0.987,0.972,0.983,1.0,1.0	0.012
209	"ENSG00000157557"	"ETS2"	chr21	+	38821585	38821704	38819502	38819766	38822673	38823783	209	3,3,0,1,0	0,0,0,0,0	279,259,373,205,206	4,2,8,3,4	198	99	1	1.0	1.0,1.0,NA,1.0,NA	0.972,0.985,0.959,0.972,0.963	0.03
210	"ENSG00000141959"	"PFKL"	chr21	+	44304274	44304455	44300050	44300190	44306680	44306754	210	4,0,0,6,4	32,52,8,42,28	2,0,1,1,1	15,24,23,33,24	198	99	1	1.0	0.059,0.0,0.0,0.067,0.067	0.062,0.0,0.021,0.015,0.02	0.015
211	"ENSG00000141959"	"PFKL"	chr21	+	44305256	44305417	44304274	44304455	44305799	44305935	211	3,1,1,4,1	0,0,1,0,0	1,0,0,1,2	0,0,0,0,0	198	99	1	1.0	1.0,1.0,0.333,1.0,1.0	1.0,NA,NA,1.0,1.0	-0.133
212	"ENSG00000141959"	"PFKL"	chr21	+	44305799	44305935	44304274	44304455	44306680	44306754	212	2,3,2,0,2	2,0,0,1,0	1,0,0,0,0	0,0,0,0,1	198	99	1	1.0	0.333,1.0,1.0,0.0,1.0	1.0,NA,NA,NA,0.0	0.167
213	"ENSG00000141959"	"PFKL"	chr21	+	44305799	44305935	44305256	44305417	44306680	44306754	213	5,4,2,1,3	0,2,2,0,0	2,0,0,1,2	0,1,0,0,0	198	99	1	1.0	1.0,0.5,0.333,1.0,1.0	1.0,0.0,NA,1.0,1.0	0.017
214	"ENSG00000141959"	"PFKL"	chr21	+	44306680	44306754	44300052	44300190	44311005	44311083	214	76,97,32,104,62	0,2,3,1,1	44,56,56,61,52	0,0,0,0,0	173	99	0.759078435546	1.0	1.0,0.965,0.859,0.983,0.973	1.0,1.0,1.0,1.0,1.0	-0.044
215	"ENSG00000141959"	"PFKL"	chr21	+	44306680	44306754	44300052	44300190	44312104	44312294	215	30,43,7,26,27	0,0,0,0,0	20,23,18,28,22	0,0,0,1,2	173	99	1	1.0	1.0,1.0,1.0,1.0,1.0	1.0,1.0,1.0,0.941,0.863	0.039
216	"ENSG00000141959"	"PFKL"	chr21	+	44306680	44306754	44300052	44300190	44312977	44313143	216	30,40,6,25,24	2,1,1,0,0	13,20,18,25,22	3,2,1,1,0	173	99	0.124336248995	1.0	0.896,0.958,0.774,1.0,1.0	0.713,0.851,0.912,0.935,1.0	0.043
217	"ENSG00000141959"	"PFKL"	chr21	+	44311005	44311083	44300050	44300190	44312104	44312294	217	37,43,34,54,35	0,0,0,0,0	27,31,37,34,30	0,0,0,1,2	177	99	1	1.0	1.0,1.0,1.0,1.0,1.0	1.0,1.0,1.0,0.95,0.894	0.031
218	"ENSG00000141959"	"PFKL"	chr21	+	44311005	44311083	44300050	44300190	44312977	44313143	218	1,2,3,3,2	2,1,1,0,0	1,0,0,1,0	3,2,1,1,0	177	99	1	1.0	0.219,0.528,0.627,1.0,1.0	0.157,0.0,0.0,0.359,NA	0.546
219	"ENSG00000141959"	"PFKL"	chr21	+	44311005	44311083	44306680	44306754	44312104	44312294	219	87,101,57,131,72	4,4,1,3,4	58,67,75,70,61	7,3,0,3,2	177	99	0.857874006599	1.0	0.924,0.934,0.97,0.961,0.91	0.823,0.926,1.0,0.929,0.945	0.015
220	"ENSG00000141959"	"PFKL"	chr21	+	44311005	44311083	44306680	44306754	44312977	44313143	220	46,52,23,71,30	4,1,0,2,1	25,28,26,34,27	0,0,0,0,2	177	99	0.0910577997851	0.8458661432864937	0.865,0.967,1.0,0.952,0.944	1.0,1.0,1.0,1.0,0.883	-0.031
221	"ENSG00000141959"	"PFKL"	chr21	+	44312104	44312294	44300050	44300190	44312977	44313143	221	69,72,38,73,50	2,1,1,0,0	55,42,56,31,33	3,2,1,1,0	198	99	1	1.0	0.945,0.973,0.95,1.0,1.0	0.902,0.913,0.966,0.939,1.0	0.03
222	"ENSG00000141959"	"PFKL"	chr21	+	44312104	44312294	44306680	44306754	44312977	44313143	222	73,76,39,76,54	4,1,0,2,1	62,45,56,33,33	0,0,0,0,2	198	99	0.115663774431	1.0	0.901,0.974,1.0,0.95,0.964	1.0,1.0,1.0,1.0,0.892	-0.021
223	"ENSG00000141959"	"PFKL"	chr21	+	44312104	44312294	44311005	44311083	44312977	44313143	223	111,122,74,136,93	1,1,1,3,1	90,81,105,67,66	1,0,0,1,1	198	99	0.769407853143	1.0	0.982,0.984,0.974,0.958,0.979	0.978,1.0,1.0,0.971,0.971	-0.009
224	"ENSG00000141959"	"PFKL"	chr21	+	44313912	44314021	44313637	44313682	44316243	44316339	224	116,99,73,137,72	16,22,4,11,18	75,74,116,76,65	12,15,3,8,10	198	99	0.477033185069	1.0	0.784,0.692,0.901,0.862,0.667	0.758,0.712,0.951,0.826,0.765	-0.021
225	"ENSG00000141959"	"PFKL"	chr21	+	44322961	44323049	44322132	44322203	44323765	44323918	225	81,95,66,100,76	1,0,0,0,0	63,66,93,60,55	0,0,0,0,0	187	99	1	1.0	0.977,1.0,1.0,1.0,1.0	1.0,1.0,1.0,1.0,1.0	-0.005
226	"ENSG00000141959"	"PFKL"	chr21	+	44324490	44324655	44323765	44323918	44324855	44324917	226	182,202,118,201,131	0,0,0,0,1	111,134,163,124,100	0,0,0,0,0	198	99	1	1.0	1.0,1.0,1.0,1.0,0.985	1.0,1.0,1.0,1.0,1.0	-0.003
227	"ENSG00000141959"	"PFKL"	chr21	+	44325152	44325264	44324855	44324917	44325960	44326060	227	92,113,81,113,75	0,0,1,0,0	99,101,136,104,86	0,0,0,0,0	198	99	1	1.0	1.0,1.0,0.976,1.0,1.0	1.0,1.0,1.0,1.0,1.0	-0.005
228	"ENSG00000141959"	"PFKL"	chr21	+	44325731	44326060	44325152	44325264	44326158	44326264	228	78,81,46,92,66	0,0,0,0,1	48,61,79,40,53	0,0,0,0,0	198	99	1	1.0	1.0,1.0,1.0,1.0,0.971	1.0,1.0,1.0,1.0,1.0	-0.006
229	"ENSG00000141959"	"PFKL"	chr21	+	44325960	44326060	44325152	44325264	44326158	44326264	229	103,102,68,121,91	0,0,0,0,1	78,94,126,71,86	0,0,0,0,0	198	99	1	1.0	1.0,1.0,1.0,1.0,0.978	1.0,1.0,1.0,1.0,1.0	-0.004
231	"ENSG00000182670"	"TTC3"	chr21	+	37090232	37090286	37088798	37088886	37091292	37091413	231	53,63,59,35,59	5,5,1,2,2	22,25,13,9,14	0,1,0,0,1	153	99	0.000544075885867	0.014690048918409	0.873,0.891,0.974,0.919,0.95	1.0,0.942,1.0,1.0,0.901	-0.047
232	"ENSG00000182670"	"TTC3"	chr21	+	37094004	37094090	37091292	37091413	37095349	37095444	232	62,81,80,60,73	0,2,1,0,3	14,18,15,22,11	0,1,1,1,0	185	99	1	1.0	1.0,0.956,0.977,1.0,0.929	1.0,0.906,0.889,0.922,1.0	0.029
233	"ENSG00000182670"	"TTC3"	chr21	+	37121236	37121342	37108391	37108446	37121816	37121979	233	0,0,0,0,0	27,38,43,36,40	0,1,0,0,0	14,16,6,14,7	198	99	1	1.0	0.0,0.0,0.0,0.0,0.0	0.0,0.03,0.0,0.0,0.0	-0.006
234	"ENSG00000182670"	"TTC3"	chr21	+	37121816	37121979	37107737	37108446	37122982	37123028	234	110,108,109,85,109	2,1,0,0,0	28,43,15,30,23	1,2,0,0,0	198	99	1	1.0	0.965,0.982,1.0,1.0,1.0	0.933,0.915,1.0,1.0,1.0	0.02
235	"ENSG00000182670"	"TTC3"	chr21	+	37138633	37138714	37135379	37135514	37140560	37140673	235	76,82,75,72,46	0,0,0,0,0	15,34,17,19,14	0,0,1,0,0	180	99	1	1.0	1.0,1.0,1.0,1.0,1.0	1.0,1.0,0.903,1.0,1.0	0.019
236	"ENSG00000182670"	"TTC3"	chr21	+	37140560	37140673	37135379	37135514	37144524	37144645	236	34,42,37,48,41	0,1,0,0,1	10,24,12,11,8	0,0,1,0,0	198	99	1	1.0	1.0,0.955,1.0,1.0,0.953	1.0,1.0,0.857,1.0,1.0	0.01
237	"ENSG00000182670"	"TTC3"	chr21	+	37148545	37148647	37147480	37147603	37150077	37150170	237	113,117,102,117,107	0,0,0,0,1	33,39,39,37,19	0,0,1,0,1	198	99	1	1.0	1.0,1.0,1.0,1.0,0.982	1.0,1.0,0.951,1.0,0.905	0.025
238	"ENSG00000182670"	"TTC3"	chr21	+	37150077	37150170	37148545	37148647	37150819	37150884	238	101,117,106,100,104	3,0,0,0,1	29,45,37,36,18	1,0,0,0,0	192	99	1	1.0	0.946,1.0,1.0,1.0,0.982	0.937,1.0,1.0,1.0,1.0	-0.002
239	"ENSG00000182670"	"TTC3"	chr21	+	37150077	37150170	37148545	37148647	37151892	37151958	239	50,55,43,45,52	0,0,2,0,2	20,12,18,15,7	0,0,0,0,1	192	99	1	1.0	1.0,1.0,0.917,1.0,0.931	1.0,1.0,1.0,1.0,0.783	0.013
240	"ENSG00000182670"	"TTC3"	chr21	+	37150819	37150884	37148545	37148647	37151892	37151958	240	22,38,35,30,28	0,0,2,0,2	10,13,5,10,7	0,0,0,0,1	164	99	1	1.0	1.0,1.0,0.914,1.0,0.894	1.0,1.0,1.0,1.0,0.809	-0.0
241	"ENSG00000182670"	"TTC3"	chr21	+	37150819	37150884	37150077	37150170	37151892	37151958	241	73,105,100,86,81	3,5,2,1,2	19,47,27,31,19	1,1,3,0,1	164	99	0.394136889679	1.0	0.936,0.927,0.968,0.981,0.961	0.92,0.966,0.845,1.0,0.92	0.024
242	"ENSG00000182670"	"TTC3"	chr21	+	37152950	37153277	37151892	37152029	37156654	37156906	242	114,122,117,101,97	0,0,1,0,0	27,51,36,36,28	0,0,0,0,0	198	99	1	1.0	1.0,1.0,0.983,1.0,1.0	1.0,1.0,1.0,1.0,1.0	-0.003
243	"ENSG00000182670"	"TTC3"	chr21	+	37156654	37156906	37152950	37153277	37157160	37157214	243	96,107,90,88,91	0,0,0,1,1	24,45,23,24,26	0,1,0,0,0	198	99	1	1.0	1.0,1.0,1.0,0.978,0.978	1.0,0.957,1.0,1.0,1.0	-0.0
244	"ENSG00000182670"	"TTC3"	chr21	+	37156654	37156906	37152950	37153277	37159698	37159745	244	76,71,74,77,85	3,1,1,0,2	19,41,22,26,23	0,1,0,0,1	198	99	0.138343599396	1.0	0.927,0.973,0.974,1.0,0.955	1.0,0.953,1.0,1.0,0.92	-0.009
245	"ENSG00000182670"	"TTC3"	chr21	+	37157160	37157214	37153124	37153277	37159698	37159745	245	19,20,12,14,18	3,1,1,0,2	5,10,2,2,3	0,1,0,0,1	153	99	0.108409789923	0.9638029219903129	0.804,0.928,0.886,1.0,0.853	1.0,0.866,1.0,1.0,0.66	-0.011
246	"ENSG00000182670"	"TTC3"	chr21	+	37157160	37157214	37156654	37156906	37158130	37158203	246	30,31,27,29,30	2,2,3,1,0	9,11,7,6,11	1,0,1,1,0	153	99	0.0915882957476	0.8496791782408065	0.907,0.909,0.853,0.949,1.0	0.853,1.0,0.819,0.795,1.0	0.03
247	"ENSG00000182670"	"TTC3"	chr21	+	37157160	37157214	37156654	37156906	37159698	37159745	247	50,64,41,37,43	13,10,19,17,24	15,22,9,7,12	7,12,8,8,7	153	99	0.0369621654697	0.4245821097293431	0.713,0.805,0.583,0.585,0.537	0.581,0.543,0.421,0.362,0.526	0.158
248	"ENSG00000182670"	"TTC3"	chr21	+	37158130	37158203	37156654	37156906	37159698	37159745	248	7,7,4,8,4	13,10,19,17,24	2,3,2,2,1	7,12,8,8,7	172	99	0.0926775656076	0.8576490953757431	0.237,0.287,0.108,0.213,0.088	0.141,0.126,0.126,0.126,0.076	0.068
249	"ENSG00000182670"	"TTC3"	chr21	+	37158130	37158203	37157160	37157214	37159698	37159745	249	12,8,10,14,18	27,39,24,19,29	3,6,5,2,4	9,16,6,2,4	172	99	0.991156693528	1.0	0.204,0.106,0.193,0.298,0.263	0.161,0.178,0.324,0.365,0.365	-0.066
250	"ENSG00000182670"	"TTC3"	chr21	+	37164050	37164215	37161989	37162063	37165549	37165640	250	122,114,109,93,92	0,0,0,0,0	28,51,36,32,29	0,1,0,0,0	198	99	1	1.0	1.0,1.0,1.0,1.0,1.0	1.0,0.962,1.0,1.0,1.0	0.008
251	"ENSG00000182670"	"TTC3"	chr21	+	37165549	37166615	37164050	37164215	37167554	37167620	251	123,115,97,101,94	4,4,5,1,6	22,39,36,32,25	2,2,2,1,2	198	99	0.587917273759	1.0	0.939,0.935,0.907,0.981,0.887	0.846,0.907,0.9,0.941,0.862	0.039
252	"ENSG00000182670"	"TTC3"	chr21	+	37182773	37182913	37172594	37172744	37185705	37185774	252	129,129,125,159,128	0,2,3,0,3	25,54,41,32,25	1,1,1,0,0	198	99	1	1.0	1.0,0.97,0.954,1.0,0.955	0.926,0.964,0.953,1.0,1.0	0.007
253	"ENSG00000182670"	"TTC3"	chr21	+	37192111	37192213	37191333	37191424	37195674	37196036	253	110,139,119,108,130	0,0,0,0,2	30,47,59,32,37	0,2,0,0,0	198	99	1	1.0	1.0,1.0,1.0,1.0,0.97	1.0,0.922,1.0,1.0,1.0	0.01
254	"ENSG00000182670"	"TTC3"	chr21	+	37194965	37195017	37192111	37192213	37195674	37196036	254	0,0,0,1,1	69,74,49,43,62	0,0,1,1,0	12,22,31,21,21	151	99	1	1.0	0.0,0.0,0.0,0.015,0.01	0.0,0.0,0.021,0.03,0.0	-0.005
255	"ENSG00000182670"	"TTC3"	chr21	+	37195674	37196036	37192111	37192213	37197569	37197696	255	120,117,82,89,104	0,0,0,0,1	27,37,52,30,40	0,0,0,0,0	198	99	1	1.0	1.0,1.0,1.0,1.0,0.981	1.0,1.0,1.0,1.0,1.0	-0.004
256	"ENSG00000182670"	"TTC3"	chr21	+	37197569	37197696	37195674	37196036	37197881	37197947	256	125,110,77,99,110	0,1,0,0,0	23,35,51,25,41	0,0,0,0,0	198	99	1	1.0	1.0,0.982,1.0,1.0,1.0	1.0,1.0,1.0,1.0,1.0	-0.004
257	"ENSG00000182670"	"TTC3"	chr21	+	37197881	37198025	37197569	37197696	37200231	37200324	257	103,106,74,76,108	1,0,0,0,0	18,43,52,30,39	0,0,0,0,0	198	99	1	1.0	0.981,1.0,1.0,1.0,1.0	1.0,1.0,1.0,1.0,1.0	-0.004
258	"ENSG00000182670"	"TTC3"	chr21	+	37200231	37200324	37197881	37198025	37201439	37201621	258	53,66,53,46,64	0,0,1,0,0	17,30,31,21,28	0,0,0,0,0	192	99	1	1.0	1.0,1.0,0.965,1.0,1.0	1.0,1.0,1.0,1.0,1.0	-0.007
260	"ENSG00000159267"	"HLCS"	chr21	-	36946008	36946154	36938831	36938994	36962035	36962170	260	0,0,0,0,0	0,2,0,1,2	0,1,1,0,1	0,0,0,0,0	198	99	1	1.0	NA,0.0,NA,0.0,0.0	NA,1.0,1.0,NA,1.0	-1.0
262	"ENSG00000159267"	"HLCS"	chr21	-	36948165	36948287	36938831	36938994	36962035	36962170	262	0,3,2,0,1	0,2,0,1,2	0,0,1,0,0	0,0,0,0,0	198	99	1	1.0	NA,0.429,1.0,0.0,0.2	NA,NA,1.0,NA,NA	-0.593
264	"ENSG00000185917"	"SETD4"	chr21	-	36045581	36046011	36043685	36043956	36048307	36048396	264	10,6,5,14,6	3,1,0,0,0	3,3,5,2,1	0,1,1,0,0	198	99	0.84571584906	1.0	0.625,0.75,1.0,1.0,1.0	1.0,0.6,0.714,1.0,1.0	0.012
265	"ENSG00000185917"	"SETD4"	chr21	-	36048307	36048396	36045581	36046011	36053582	36053620	265	11,10,6,10,6	0,1,0,0,1	2,3,2,2,0	0,0,0,0,0	188	99	1	1.0	1.0,0.84,1.0,1.0,0.76	1.0,1.0,1.0,1.0,NA	-0.08
266	"ENSG00000185917"	"SETD4"	chr21	-	36057383	36057477	36057108	36057204	36058815	36058924	266	1,4,2,11,6	3,7,1,6,0	2,3,1,1,2	2,2,4,3,0	193	99	0.276291033025	1.0	0.146,0.227,0.506,0.485,1.0	0.339,0.435,0.114,0.146,1.0	0.066
273	"ENSG00000243927"	"MRPS6"	chr21	+	34102834	34102908	34073548	34073745	34125340	34125480	273	4,3,5,0,0	5,1,1,2,3	0,8,4,2,1	6,3,7,5,2	173	99	0.865200405294	1.0	0.314,0.632,0.741,0.0,0.0	0.0,0.604,0.246,0.186,0.222	0.086
274	"ENSG00000243927"	"MRPS6"	chr21	+	34103496	34103519	34102834	34102908	34125340	34125480	274	0,1,1,2,0	0,0,2,0,0	2,6,1,0,5	0,3,0,0,0	122	99	1	1.0	NA,1.0,0.289,1.0,NA	1.0,0.619,1.0,NA,1.0	-0.142
275	"ENSG00000243927"	"MRPS6"	chr21	+	34125340	34125480	34073577	34073745	34142407	34143030	275	7,4,2,5,6	1,1,0,0,0	17,15,14,17,14	0,0,0,0,0	198	99	1	1.0	0.778,0.667,1.0,1.0,1.0	1.0,1.0,1.0,1.0,1.0	-0.111
276	"ENSG00000243927"	"MRPS6"	chr21	+	34125340	34125480	34103496	34103519	34142407	34143030	276	2,3,2,5,3	0,0,0,0,0	12,16,8,12,16	0,0,1,0,0	198	99	1	1.0	1.0,1.0,1.0,1.0,1.0	1.0,1.0,0.8,1.0,1.0	0.04
279	"ENSG00000241837"	"ATP5PO"	chr21	-	33903934	33904021	33903452	33903639	33907340	33907453	279	202,185,198,184,231	0,1,0,0,0	257,243,382,225,237	0,0,0,0,0	186	99	1	1.0	1.0,0.99,1.0,1.0,1.0	1.0,1.0,1.0,1.0,1.0	-0.002
280	"ENSG00000241837"	"ATP5PO"	chr21	-	33906448	33906500	33903934	33904021	33907340	33907453	280	1,2,4,0,0	100,88,115,98,140	1,2,1,0,2	140,141,227,142,115	151	99	1	1.0	0.007,0.015,0.022,0.0,0.0	0.005,0.009,0.003,0.0,0.011	0.003
281	"ENSG00000241837"	"ATP5PO"	chr21	-	33906448	33907453	33903934	33904021	33909081	33909211	281	86,98,110,103,107	1,1,0,0,0	141,113,184,128,128	0,2,0,0,1	198	99	1	1.0	0.977,0.98,1.0,1.0,1.0	1.0,0.966,1.0,1.0,0.985	0.001
284	"ENSG00000241837"	"ATP5PO"	chr21	-	33907340	33907453	33903934	33904021	33909081	33909095	284	186,185,223,201,247	1,1,0,0,0	280,253,411,270,241	0,2,0,0,1	198	99	1	1.0	0.989,0.989,1.0,1.0,1.0	1.0,0.984,1.0,1.0,0.992	0.0
285	"ENSG00000241837"	"ATP5PO"	chr21	-	33907340	33907453	33903934	33904021	33912288	33912399	285	100,88,115,98,141	1,4,0,0,0	141,143,229,143,115	0,3,0,0,1	198	99	1	1.0	0.98,0.917,1.0,1.0,1.0	1.0,0.96,1.0,1.0,0.983	-0.009
286	"ENSG00000241837"	"ATP5PO"	chr21	-	33909081	33909211	33903934	33904021	33912288	33912399	286	103,95,120,118,125	1,4,0,0,0	138,128,161,97,106	0,3,0,0,1	198	99	1	1.0	0.981,0.922,1.0,1.0,1.0	1.0,0.955,1.0,1.0,0.981	-0.007
287	"ENSG00000241837"	"ATP5PO"	chr21	-	33909081	33909211	33906448	33907453	33912288	33912399	287	188,191,228,221,232	0,0,0,0,1	278,238,345,225,231	1,2,2,1,0	198	99	1	1.0	1.0,1.0,1.0,1.0,0.991	0.993,0.983,0.989,0.991,1.0	0.007
288	"ENSG00000241837"	"ATP5PO"	chr21	-	33909081	33909211	33906448	33907453	33914449	33914500	288	86,97,108,103,107	0,0,0,0,0	140,112,184,128,127	0,1,0,0,0	198	99	1	1.0	1.0,1.0,1.0,1.0,1.0	1.0,0.982,1.0,1.0,1.0	0.004
